0,0
1,1
2,1
3,1
4,1
5,1
6,1
7,1
8,1
9,1
10,1
11,1
12,1
13,1
14,1
15,1
16,1
17,1
18,2
19,2
20,3
21,3
22,3
23,3
24,3
25,4
26,4
27,4
28,4
29,4
30,4
31,4
32,4
33,4
34,5
35,5
36,5
37,5
38,5
39,5
40,5
41,5
42,5
43,5
44,5
45,6
46,6
47,6
48,6
49,6
50,6
51,6
52,6
53,6
54,6
55,6
56,6
57,6
58,6
59,6
60,6
61,6
62,6
63,6
64,6
65,6
66,6
67,6
68,6
69,6
70,6
71,6
72,6
73,6
74,6
75,6
76,6
77,6
78,6
79,6
80,6
81,6
82,6
83,6
84,6
85,6
86,6
87,6
88,6
89,6
90,6
91,6
92,6
93,6
94,6
95,6
96,6
97,6
98,6
99,6
100,6
101,6
102,6
103,6
104,6
105,6
106,6
107,6
108,6
109,6
110,6
111,6
112,6
113,6
114,6
115,6
116,6
117,6
118,6
119,6
120,6
121,6
122,6
123,6
124,6
125,6
126,6
127,6
128,6
129,6
130,6
131,6
132,6
133,6
134,6
135,6
136,6
137,6
138,6
139,6
140,6
141,6
142,6
143,6
144,6
145,6
146,6
147,6
148,6
149,6
150,6
151,6
152,6
153,6
154,6
155,6
156,6
157,6
158,6
159,6
160,6
161,6
162,6
163,6
164,6
165,6
166,6
167,6
168,6
169,6
170,6
171,6
172,6
173,6
174,6
175,6
176,6
177,6
178,6
179,6
180,6
181,6
182,6
183,6
184,6
185,6
186,6
187,6
188,6
189,6
190,6
191,6
192,6
193,6
194,6
195,6
196,6
197,6
198,6
199,6
200,6
201,6
202,6
203,6
204,6
205,6
206,6
207,6
208,6
209,6
210,6
211,6
212,6
213,6
214,6
215,6
216,6
217,6
218,6
219,6
220,6
221,6
222,6
223,6
224,6
225,6
226,6
227,6
228,6
229,6
230,6
231,6
232,6
233,6
234,6
235,6
236,6
237,6
238,6
239,6
240,6
241,6
242,6
243,6
244,6
245,6
246,6
247,6
248,6
249,6
250,6
251,6
252,6
253,6
254,6
255,6
256,6
257,6
258,6
259,6
260,6
261,6
262,6
263,6
264,6
265,6
266,6
267,6
268,6
269,6
270,6
271,6
272,6
273,6
274,6
275,6
276,6
277,6
278,6
279,6
280,6
281,6
282,6
283,6
284,6
285,6
286,6
287,6
288,6
289,6
290,6
291,6
292,6
293,6
294,6
295,6
296,6
297,6
298,6
299,6
300,6
301,6
302,6
303,6
304,6
305,6
306,6
307,6
308,6
309,6
310,6
311,6
312,6
313,6
314,6
315,6
316,6
317,6
318,6
319,6
320,6
321,6
322,6
323,6
324,6
325,6
326,6
327,6
328,6
329,6
330,6
331,6
332,6
333,6
334,6
335,6
336,6
337,6
338,6
339,6
340,6
341,6
342,6
343,6
344,6
345,6
346,6
347,6
348,6
349,6
350,6
351,6
352,6
353,6
354,6
355,6
356,6
357,6
358,6
359,6
360,6
361,6
362,6
363,6
364,6
365,6
366,6
367,6
368,6
369,6
370,6
371,6
372,6
373,6
374,6
375,6
376,6
377,6
378,6
379,6
380,6
381,6
382,6
383,6
384,6
385,6
386,6
387,6
388,6
389,6
390,6
391,6
392,6
393,6
394,6
395,6
396,6
397,6
398,6
399,6
400,6
401,6
402,6
403,6
404,6
405,6
406,6
407,6
408,6
409,6
410,6
411,6
412,6
413,6
414,6
415,6
416,6
417,6
418,6
419,6
420,6
421,6
422,6
423,6
424,6
425,6
426,6
427,6
428,6
429,6
430,6
431,6
432,6
433,6
434,6
435,6
436,6
437,6
438,6
439,6
440,6
441,6
442,6
443,6
444,6
445,6
446,6
447,6
448,6
449,6
450,6
451,6
452,6
453,6
454,6
455,6
456,6
457,6
458,6
459,6
460,6
461,6
462,6
463,6
464,6
465,6
466,6
467,6
468,6
469,6
470,6
471,6
472,6
473,6
474,6
475,6
476,6
477,6
478,6
479,6
480,6
481,6
482,6
483,6
484,6
485,6
486,6
487,6
488,6
489,6
490,6
491,6
492,6
493,6
494,6
495,6
496,6
497,6
498,6
499,6
500,6
501,6
502,6
503,6
504,6
505,6
506,6
507,6
508,6
509,6
510,6
511,6
512,6
513,6
514,6
515,6
516,6
517,6
518,6
519,6
520,6
521,6
522,6
523,6
524,6
525,6
526,6
527,6
528,6
529,6
530,6
531,6
532,6
533,6
534,6
535,6
536,6
537,6
538,6
539,6
540,6
541,6
542,6
543,6
544,6
545,6
546,6
547,6
548,6
549,6
550,6
551,6
552,6
553,6
554,6
555,6
556,6
557,6
558,6
559,6
560,6
561,6
562,6
563,6
564,6
565,6
566,6
567,6
568,6
569,6
570,6
571,6
572,6
573,6
574,6
575,6
576,6
577,6
578,6
579,6
580,6
581,6
582,6
583,6
584,6
585,6
586,6
587,6
588,6
589,6
590,6
591,6
592,6
593,6
594,6
595,6
596,6
597,7
598,8
599,8
600,8
601,8
602,8
603,8
604,8
605,8
606,8
607,8
608,8
609,8
610,8
611,8
612,8
613,8
614,8
615,8
616,8
617,8
618,8
619,8
620,8
621,8
622,8
623,8
624,8
625,8
626,8
627,8
628,8
629,8
630,8
631,8
632,8
633,8
634,8
635,8
636,8
637,8
638,8
639,8
640,8
641,8
642,8
643,8
644,8
645,8
646,8
647,8
648,8
649,8
650,8
651,8
652,8
653,8
654,8
655,8
656,8
657,8
658,8
659,8
660,8
661,8
662,8
663,8
664,8
665,8
666,8
667,8
668,8
669,8
670,8
671,8
672,8
673,8
674,8
675,8
676,8
677,8
678,8
679,8
680,8
681,8
682,8
683,8
684,8
685,8
686,8
687,8
688,8
689,8
690,9
691,9
692,9
693,9
694,9
695,9
696,9
697,9
698,9
699,9
700,9
701,9
702,9
703,9
704,9
705,9
706,9
707,9
708,9
709,9
710,9
711,9
712,9
713,9
714,9
715,9
716,9
717,9
718,9
719,9
720,9
721,9
722,9
723,9
724,10
725,10
726,10
727,10
728,10
729,10
730,10
731,10
732,10
733,10
734,10
735,10
736,10
737,10
738,10
739,11
740,11
741,11
742,11
743,11
744,11
745,11
746,11
747,11
748,11
749,11
750,11
751,11
752,11
753,11
754,11
755,11
756,11
757,11
758,11
759,11
760,11
761,11
762,11
763,11
764,11
765,11
766,11
767,11
768,11
769,11
770,11
771,11
772,11
773,11
774,11
775,11
776,11
777,11
778,11
779,11
780,11
781,11
782,11
783,11
784,11
785,11
786,12
787,12
788,12
789,12
790,12
791,12
792,12
793,12
794,12
795,12
796,12
797,12
798,12
799,12
800,12
801,12
802,12
803,12
804,12
805,12
806,12
807,12
808,12
809,12
810,12
811,12
812,12
813,12
814,12
815,12
816,12
817,12
818,12
819,12
820,12
821,12
822,12
823,12
824,12
825,12
826,12
827,12
828,12
829,12
830,12
831,12
832,12
833,12
834,12
835,12
836,12
837,12
838,12
839,12
840,12
841,12
842,12
843,12
844,12
845,12
846,12
847,12
848,12
849,12
850,12
851,12
852,12
853,12
854,12
855,12
856,12
857,12
858,12
859,12
860,12
861,12
862,12
863,12
864,12
865,12
866,12
867,12
868,12
869,12
870,12
871,12
872,12
873,12
874,12
875,12
876,12
877,12
878,12
879,12
880,12
881,12
882,12
883,12
884,12
885,12
886,12
887,12
888,12
889,12
890,12
891,12
892,12
893,12
894,12
895,12
896,12
897,12
898,12
899,12
900,12
901,12
902,12
903,12
904,12
905,12
906,12
907,12
908,12
909,12
910,12
911,12
912,12
913,12
914,12
915,12
916,12
917,12
918,12
919,12
920,12
921,12
922,12
923,12
924,12
925,12
926,12
927,12
928,12
929,12
930,12
931,12
932,12
933,12
934,12
935,12
936,12
937,12
938,12
939,12
940,12
941,12
942,12
943,12
944,12
945,12
946,12
947,12
948,12
949,12
950,12
951,12
952,12
953,12
954,12
955,12
956,12
957,12
958,12
959,12
960,12
961,12
962,12
963,12
964,12
965,12
966,12
967,12
968,12
969,12
970,12
971,12
972,12
973,12
974,12
975,12
976,12
977,12
978,12
979,12
980,12
981,12
982,12
983,12
984,12
985,12
986,12
987,12
988,12
989,12
990,12
991,12
992,12
993,12
994,12
995,12
996,12
997,12
998,12
999,12
1000,12
1001,12
1002,12
1003,12
1004,12
1005,12
1006,12
1007,12
1008,12
1009,12
1010,12
1011,12
1012,12
1013,12
1014,12
1015,12
1016,12
1017,12
1018,12
1019,12
1020,12
1021,12
1022,12
1023,12
1024,12
1025,12
1026,12
1027,12
1028,12
1029,12
1030,12
1031,12
1032,12
1033,12
1034,12
1035,12
1036,12
1037,12
1038,12
1039,12
1040,12
1041,12
1042,12
1043,12
1044,12
1045,12
1046,12
1047,12
1048,12
1049,12
1050,12
1051,12
1052,12
1053,12
1054,12
1055,12
1056,12
1057,12
1058,12
1059,12
1060,12
1061,12
1062,12
1063,12
1064,12
1065,12
1066,12
1067,12
1068,12
1069,12
1070,12
1071,12
1072,12
1073,12
1074,12
1075,12
1076,12
1077,12
1078,12
1079,12
1080,12
1081,12
1082,12
1083,12
1084,12
1085,12
1086,12
1087,12
1088,12
1089,12
1090,12
1091,12
1092,12
1093,12
1094,12
1095,12
1096,12
1097,12
1098,12
1099,12
1100,12
1101,12
1102,12
1103,12
1104,12
1105,12
1106,12
1107,12
1108,12
1109,12
1110,12
1111,12
1112,12
1113,12
1114,12
1115,12
1116,12
1117,12
1118,12
1119,12
1120,12
1121,12
1122,12
1123,12
1124,12
1125,12
1126,12
1127,12
1128,12
1129,12
1130,12
1131,12
1132,12
1133,12
1134,12
1135,12
1136,12
1137,12
1138,12
1139,12
1140,12
1141,12
1142,12
1143,12
1144,12
1145,12
1146,12
1147,12
1148,12
1149,12
1150,12
1151,12
1152,12
1153,12
1154,12
1155,12
1156,12
1157,12
1158,12
1159,12
1160,12
1161,12
1162,12
1163,12
1164,12
1165,12
1166,12
1167,12
1168,12
1169,12
1170,12
1171,12
1172,12
1173,12
1174,12
1175,12
1176,12
1177,12
1178,12
1179,12
1180,12
1181,12
1182,12
1183,12
1184,12
1185,12
1186,12
1187,12
1188,12
1189,12
1190,12
1191,12
1192,12
1193,12
1194,12
1195,12
1196,12
1197,12
1198,12
1199,12
1200,12
1201,12
1202,12
1203,12
1204,12
1205,12
1206,12
1207,12
1208,12
1209,12
1210,12
1211,12
1212,12
1213,12
1214,12
1215,12
1216,12
1217,12
1218,12
1219,12
1220,12
1221,12
1222,12
1223,12
1224,12
1225,12
1226,12
1227,12
1228,12
1229,12
1230,12
1231,12
1232,12
1233,12
1234,12
1235,12
1236,12
1237,12
1238,12
1239,12
1240,12
1241,12
1242,12
1243,12
1244,12
1245,12
1246,12
1247,12
1248,12
1249,12
1250,12
1251,12
1252,12
1253,12
1254,12
1255,12
1256,12
1257,12
1258,12
1259,12
1260,12
1261,12
1262,12
1263,12
1264,12
1265,12
1266,12
1267,12
1268,12
1269,12
1270,12
1271,12
1272,12
1273,12
1274,12
1275,12
1276,12
1277,12
1278,12
1279,12
1280,12
1281,12
1282,12
1283,12
1284,12
1285,12
1286,12
1287,12
1288,12
1289,12
1290,12
1291,12
1292,12
1293,12
1294,12
1295,12
1296,12
1297,12
1298,12
1299,12
1300,12
1301,12
1302,12
1303,12
1304,12
1305,12
1306,12
1307,12
1308,12
1309,12
1310,12
1311,12
1312,12
1313,12
1314,12
1315,12
1316,12
1317,12
1318,12
1319,12
1320,12
1321,12
1322,12
1323,12
1324,12
1325,12
1326,12
1327,12
1328,12
1329,12
1330,12
1331,12
1332,12
1333,12
1334,12
1335,12
1336,12
1337,12
1338,12
1339,12
1340,12
1341,12
1342,12
1343,12
1344,12
1345,12
1346,12
1347,12
1348,12
1349,12
1350,12
1351,12
1352,12
1353,12
1354,12
1355,12
1356,12
1357,12
1358,12
1359,12
1360,12
1361,13
1362,13
1363,13
1364,13
1365,13
1366,13
1367,13
1368,13
1369,13
1370,13
1371,13
1372,13
1373,13
1374,13
1375,13
1376,13
1377,13
1378,13
1379,13
1380,13
1381,13
1382,13
1383,13
1384,13
1385,13
1386,13
1387,13
1388,13
1389,13
1390,13
1391,13
1392,13
1393,13
1394,13
1395,13
1396,13
1397,13
1398,13
1399,13
1400,13
1401,13
1402,13
1403,13
1404,13
1405,13
1406,13
1407,13
1408,13
1409,13
1410,13
1411,13
1412,13
1413,13
1414,13
1415,13
1416,13
1417,13
1418,13
1419,13
1420,14
1421,14
1422,14
1423,14
1424,15
1425,15
1426,15
1427,15
1428,16
1429,16
1430,16
1431,16
1432,16
1433,16
1434,16
1435,16
1436,16
1437,16
1438,16
1439,16
1440,16
1441,16
1442,16
1443,16
1444,16
1445,16
1446,16
1447,16
1448,16
1449,16
1450,16
1451,16
1452,16
1453,16
1454,16
1455,16
1456,16
1457,16
1458,16
1459,16
1460,16
1461,16
1462,16
1463,16
1464,16
1465,16
1466,16
1467,16
1468,16
1469,16
1470,16
1471,16
1472,16
1473,16
1474,16
1475,16
1476,16
1477,16
1478,16
1479,16
1480,16
1481,16
1482,16
1483,16
1484,16
1485,16
1486,16
1487,16
1488,16
1489,16
1490,16
1491,16
1492,16
1493,16
1494,16
1495,16
1496,16
1497,16
1498,16
1499,16
1500,16
1501,16
1502,16
1503,16
1504,16
1505,17
1506,17
1507,17
1508,17
1509,17
1510,17
1511,17
1512,17
1513,18
1514,18
1515,18
1516,18
1517,18
1518,18
1519,18
1520,18
1521,18
1522,18
1523,18
1524,18
1525,18
1526,18
1527,18
1528,18
1529,18
1530,18
1531,18
1532,18
1533,18
1534,19
1535,19
1536,19
1537,19
1538,19
1539,19
1540,19
1541,19
1542,19
1543,19
1544,19
1545,19
1546,19
1547,19
1548,19
1549,19
1550,19
1551,19
1552,19
1553,19
1554,19
1555,19
1556,19
1557,19
1558,19
1559,19
1560,19
1561,19
1562,19
1563,19
1564,19
1565,20
1566,20
1567,20
1568,20
1569,20
1570,20
1571,20
1572,20
1573,20
1574,20
1575,20
1576,20
1577,20
1578,20
1579,20
1580,20
1581,20
1582,20
1583,20
1584,20
1585,20
1586,20
1587,20
1588,20
1589,20
1590,20
1591,20
1592,20
1593,20
1594,20
1595,20
1596,20
1597,20
1598,20
1599,21
1600,21
1601,21
1602,21
1603,21
1604,21
1605,21
1606,21
1607,21
1608,21
1609,21
1610,21
1611,21
1612,21
1613,21
1614,21
1615,21
1616,21
1617,21
1618,21
1619,21
1620,21
1621,21
1622,21
1623,21
1624,21
1625,21
1626,21
1627,21
1628,21
1629,21
1630,21
1631,21
1632,21
1633,21
1634,21
1635,21
1636,21
1637,21
1638,21
1639,21
1640,21
1641,21
1642,21
1643,21
1644,21
1645,21
1646,21
1647,21
1648,21
1649,21
1650,21
1651,21
1652,21
1653,21
1654,21
1655,21
1656,21
1657,21
1658,21
1659,21
1660,21
1661,21
1662,21
1663,21
1664,21
1665,21
1666,21
1667,21
1668,21
1669,21
1670,21
1671,21
1672,21
1673,21
1674,21
1675,21
1676,21
1677,21
1678,21
1679,21
1680,21
1681,21
1682,21
1683,21
1684,21
1685,21
1686,21
1687,21
1688,21
1689,22
1690,22
1691,22
1692,22
1693,22
1694,22
1695,22
1696,22
1697,22
1698,22
1699,22
1700,22
1701,22
1702,22
1703,22
1704,22
1705,22
1706,22
1707,22
1708,22
1709,22
1710,22
1711,22
1712,22
1713,22
1714,22
1715,22
1716,22
1717,22
1718,22
1719,22
1720,22
1721,22
1722,22
1723,22
1724,22
1725,22
1726,22
1727,22
1728,22
1729,22
1730,22
1731,22
1732,22
1733,22
1734,22
1735,22
1736,22
1737,22
1738,22
1739,22
1740,22
1741,22
1742,22
1743,22
1744,22
1745,22
1746,22
1747,22
1748,22
1749,22
1750,22
1751,22
1752,22
1753,22
1754,22
1755,23
1756,23
1757,23
1758,23
1759,24
1760,24
1761,24
1762,24
1763,24
1764,24
1765,24
1766,24
1767,24
1768,24
1769,24
1770,24
1771,24
1772,24
1773,24
1774,24
1775,24
1776,24
1777,24
1778,24
1779,24
1780,24
1781,24
1782,24
1783,24
1784,24
1785,24
1786,24
1787,24
1788,24
1789,24
1790,24
1791,24
1792,24
1793,24
1794,24
1795,24
1796,24
1797,24
1798,24
1799,24
1800,24
1801,24
1802,24
1803,24
1804,24
1805,24
1806,24
1807,24
1808,24
1809,24
1810,24
1811,24
1812,25
1813,25
1814,25
1815,25
1816,25
1817,25
1818,25
1819,25
1820,25
1821,25
1822,25
1823,26
1824,26
1825,26
1826,26
1827,26
1828,26
1829,27
1830,27
1831,27
1832,27
1833,27
1834,27
1835,27
1836,27
1837,27
1838,27
1839,27
1840,27
1841,27
1842,27
1843,27
1844,27
1845,27
1846,27
1847,27
1848,27
1849,27
1850,27
1851,27
1852,27
1853,27
1854,27
1855,27
1856,28
1857,28
1858,28
1859,28
1860,28
1861,28
1862,28
1863,28
1864,28
1865,28
1866,28
1867,28
1868,28
1869,28
1870,28
1871,28
1872,28
1873,28
1874,28
1875,28
1876,28
1877,28
1878,28
1879,28
1880,28
1881,28
1882,28
1883,28
1884,28
1885,28
1886,28
1887,28
1888,28
1889,28
1890,28
1891,28
1892,28
1893,30
1894,30
1895,30
1896,30
1897,30
1898,30
1899,30
1900,30
1901,30
1902,30
1903,30
1904,30
1905,30
1906,30
1907,30
1908,31
1909,31
1910,31
1911,31
1912,31
1913,32
1914,32
1915,32
1916,32
1917,32
1918,32
1919,32
1920,32
1921,32
1922,33
1923,33
1924,33
1925,34
1926,34
1927,34
1928,34
1929,34
1930,34
1931,34
1932,34
1933,34
1934,34
1935,34
1936,34
1937,34
1938,35
1939,35
1940,35
1941,35
1942,35
1943,36
1944,36
1945,36
1946,36
1947,36
1948,36
1949,36
1950,36
1951,36
1952,36
1953,36
1954,36
1955,36
1956,37
1957,37
1958,37
1959,37
1960,37
1961,38
1962,38
1963,38
1964,38
1965,38
1966,38
1967,38
1968,38
1969,38
1970,39
1971,39
1972,39
1973,41
1974,41
1975,41
1976,41
1977,41
1978,41
1979,41
1980,1
1981,40
1982,40
1983,40
1984,40
1985,40
1986,40
1987,40
1988,40
1989,40
1990,40
1991,40
1992,40
1993,40
1994,40
1995,40
1996,40
1997,42
1998,43
1999,45
2000,43
2001,43
2002,43
2003,43
2004,43
2005,43
2006,43
2007,43
2008,43
2009,43
2010,43
2011,43
2012,43
2013,43
2014,43
2015,43
2016,43
2017,43
2018,45
2019,44
2020,45
2021,44
2022,43
2023,46
2024,46
2025,46
2026,46
2027,46
2028,46
2029,46
2030,46
2031,46
2032,46
2033,46
2034,46
2035,46
2036,46
2037,46
2038,46
2039,46
2040,46
2041,46
2042,46
2043,46
2044,46
2045,46
2046,46
2047,46
2048,46
2049,46
2050,46
2051,46
2052,46
2053,46
2054,46
2055,46
2056,46
2057,46
2058,46
2059,46
2060,46
2061,46
2062,46
2063,46
2064,46
2065,46
2066,46
2067,46
2068,46
2069,46
2070,46
2071,46
2072,46
2073,46
2074,46
2075,46
2076,46
2077,46
2078,46
2079,46
2080,46
2081,46
2082,46
2083,46
2084,46
2085,47
2086,47
2087,47
2088,48
2089,48
2090,48
2091,48
2092,48
2093,48
2094,48
2095,48
2096,49
2097,49
2098,49
2099,49
2100,49
2101,49
2102,49
2103,49
2104,49
2105,49
2106,49
2107,49
2108,49
2109,49
2110,49
2111,49
2112,49
2113,49
2114,49
2115,49
2116,49
2117,49
2118,49
2119,49
2120,49
2121,49
2122,49
2123,49
2124,49
2125,49
2126,50
2127,50
2128,50
2129,50
2130,50
2131,50
2132,50
2133,50
2134,50
2135,50
2136,50
2137,50
2138,50
2139,50
2140,50
2141,50
2142,50
2143,50
2144,115
2145,51
2146,51
2147,51
2148,51
2149,51
2150,51
2151,51
2152,51
2153,51
2154,51
2155,51
2156,51
2157,51
2158,51
2159,53
2160,53
2161,54
2162,54
2163,54
2164,54
2165,54
2166,54
2167,54
2168,54
2169,54
2170,54
2171,54
2172,54
2173,54
2174,54
2175,54
2176,54
2177,54
2178,54
2179,54
2180,54
2181,54
2182,54
2183,54
2184,54
2185,54
2186,54
2187,54
2188,54
2189,54
2190,54
2191,54
2192,54
2193,54
2194,54
2195,54
2196,54
2197,54
2198,54
2199,54
2200,54
2201,54
2202,54
2203,54
2204,54
2205,54
2206,54
2207,54
2208,54
2209,54
2210,54
2211,54
2212,54
2213,54
2214,54
2215,54
2216,54
2217,54
2218,54
2219,54
2220,54
2221,54
2222,54
2223,54
2224,54
2225,54
2226,54
2227,54
2228,54
2229,54
2230,54
2231,54
2232,54
2233,54
2234,54
2235,54
2236,54
2237,54
2238,54
2239,54
2240,54
2241,54
2242,54
2243,54
2244,54
2245,54
2246,54
2247,54
2248,54
2249,54
2250,54
2251,54
2252,54
2253,54
2254,54
2255,54
2256,54
2257,54
2258,54
2259,54
2260,54
2261,54
2262,54
2263,54
2264,54
2265,54
2266,54
2267,54
2268,54
2269,54
2270,54
2271,54
2272,54
2273,54
2274,54
2275,54
2276,54
2277,54
2278,54
2279,54
2280,54
2281,54
2282,54
2283,54
2284,54
2285,54
2286,54
2287,54
2288,54
2289,54
2290,54
2291,54
2292,54
2293,54
2294,54
2295,54
2296,54
2297,54
2298,54
2299,54
2300,54
2301,54
2302,54
2303,54
2304,54
2305,54
2306,54
2307,54
2308,54
2309,54
2310,54
2311,54
2312,54
2313,54
2314,54
2315,54
2316,54
2317,54
2318,54
2319,54
2320,54
2321,54
2322,54
2323,54
2324,54
2325,54
2326,54
2327,54
2328,54
2329,54
2330,54
2331,54
2332,54
2333,54
2334,54
2335,54
2336,54
2337,54
2338,54
2339,54
2340,54
2341,54
2342,54
2343,54
2344,54
2345,54
2346,54
2347,54
2348,54
2349,54
2350,54
2351,54
2352,54
2353,54
2354,54
2355,54
2356,54
2357,54
2358,54
2359,54
2360,54
2361,54
2362,54
2363,54
2364,54
2365,54
2366,54
2367,54
2368,54
2369,54
2370,54
2371,54
2372,54
2373,54
2374,54
2375,54
2376,54
2377,54
2378,54
2379,54
2380,54
2381,54
2382,54
2383,54
2384,54
2385,54
2386,54
2387,54
2388,54
2389,54
2390,54
2391,54
2392,54
2393,54
2394,54
2395,54
2396,54
2397,54
2398,54
2399,54
2400,54
2401,54
2402,54
2403,54
2404,54
2405,54
2406,54
2407,54
2408,54
2409,54
2410,54
2411,54
2412,54
2413,54
2414,54
2415,54
2416,54
2417,54
2418,54
2419,54
2420,54
2421,54
2422,54
2423,54
2424,54
2425,54
2426,54
2427,54
2428,54
2429,54
2430,54
2431,54
2432,54
2433,54
2434,54
2435,54
2436,54
2437,54
2438,54
2439,54
2440,54
2441,54
2442,54
2443,54
2444,54
2445,54
2446,54
2447,54
2448,54
2449,54
2450,54
2451,54
2452,54
2453,54
2454,54
2455,54
2456,54
2457,54
2458,54
2459,54
2460,54
2461,54
2462,54
2463,54
2464,54
2465,54
2466,54
2467,54
2468,54
2469,54
2470,54
2471,54
2472,54
2473,54
2474,54
2475,54
2476,54
2477,54
2478,54
2479,54
2480,54
2481,54
2482,54
2483,54
2484,54
2485,54
2486,54
2487,54
2488,55
2489,55
2490,55
2491,55
2492,55
2493,55
2494,55
2495,55
2496,55
2497,55
2498,55
2499,55
2500,55
2501,55
2502,55
2503,55
2504,55
2505,55
2506,55
2507,55
2508,55
2509,55
2510,55
2511,55
2512,55
2513,55
2514,55
2515,55
2516,55
2517,55
2518,55
2519,55
2520,55
2521,55
2522,55
2523,55
2524,55
2525,55
2526,55
2527,55
2528,55
2529,55
2530,55
2531,55
2532,55
2533,55
2534,55
2535,57
2536,56
2537,56
2538,56
2539,56
2540,56
2541,56
2542,56
2543,56
2544,56
2545,56
2546,56
2547,56
2548,56
2549,56
2550,56
2551,56
2552,56
2553,56
2554,56
2555,56
2556,56
2557,56
2558,56
2559,56
2560,56
2561,56
2562,56
2563,56
2564,56
2565,56
2566,56
2567,56
2568,56
2569,56
2570,56
2571,56
2572,56
2573,56
2574,56
2575,56
2576,56
2577,56
2578,56
2579,56
2580,56
2581,56
2582,56
2583,56
2584,56
2585,56
2586,56
2587,56
2588,56
2589,57
2590,58
2591,58
2592,58
2593,58
2594,58
2595,58
2596,58
2597,58
2598,58
2599,60
2600,59
2601,63
2602,63
2603,63
2604,63
2605,63
2606,63
2607,63
2608,63
2609,63
2610,63
2611,63
2612,63
2613,63
2614,63
2615,63
2616,63
2617,63
2618,63
2619,63
2620,63
2621,63
2622,63
2623,63
2624,63
2625,63
2626,63
2627,63
2628,63
2629,63
2630,63
2631,63
2632,63
2633,63
2634,63
2635,63
2636,63
2637,63
2638,63
2639,63
2640,63
2641,63
2642,63
2643,63
2644,63
2645,63
2646,63
2647,63
2648,63
2649,63
2650,63
2651,63
2652,63
2653,63
2654,63
2655,63
2656,63
2657,63
2658,63
2659,63
2660,63
2661,63
2662,63
2663,63
2664,63
2665,63
2666,63
2667,63
2668,63
2669,63
2670,63
2671,63
2672,63
2673,63
2674,63
2675,63
2676,63
2677,63
2678,63
2679,63
2680,63
2681,63
2682,63
2683,63
2684,63
2685,63
2686,63
2687,63
2688,63
2689,63
2690,63
2691,63
2692,63
2693,63
2694,63
2695,63
2696,63
2697,63
2698,63
2699,63
2700,63
2701,63
2702,63
2703,63
2704,63
2705,63
2706,63
2707,63
2708,63
2709,63
2710,63
2711,63
2712,63
2713,63
2714,63
2715,63
2716,63
2717,63
2718,63
2719,63
2720,63
2721,63
2722,63
2723,63
2724,63
2725,63
2726,63
2727,63
2728,63
2729,63
2730,63
2731,63
2732,63
2733,63
2734,63
2735,63
2736,63
2737,63
2738,63
2739,63
2740,63
2741,63
2742,63
2743,63
2744,63
2745,63
2746,63
2747,63
2748,63
2749,63
2750,63
2751,63
2752,63
2753,63
2754,63
2755,63
2756,63
2757,63
2758,63
2759,63
2760,63
2761,63
2762,63
2763,63
2764,63
2765,63
2766,63
2767,63
2768,63
2769,63
2770,63
2771,63
2772,63
2773,63
2774,63
2775,63
2776,63
2777,63
2778,63
2779,63
2780,63
2781,63
2782,63
2783,63
2784,63
2785,63
2786,63
2787,63
2788,63
2789,63
2790,63
2791,63
2792,63
2793,63
2794,63
2795,63
2796,63
2797,63
2798,63
2799,63
2800,63
2801,63
2802,63
2803,63
2804,63
2805,63
2806,63
2807,63
2808,63
2809,63
2810,63
2811,63
2812,63
2813,63
2814,63
2815,63
2816,63
2817,63
2818,63
2819,63
2820,63
2821,63
2822,63
2823,63
2824,63
2825,63
2826,63
2827,63
2828,63
2829,63
2830,63
2831,63
2832,63
2833,63
2834,63
2835,63
2836,63
2837,63
2838,63
2839,63
2840,63
2841,63
2842,63
2843,63
2844,63
2845,63
2846,63
2847,63
2848,63
2849,63
2850,63
2851,63
2852,63
2853,63
2854,63
2855,63
2856,63
2857,63
2858,63
2859,63
2860,63
2861,63
2862,63
2863,63
2864,63
2865,63
2866,63
2867,63
2868,63
2869,63
2870,63
2871,63
2872,63
2873,63
2874,63
2875,63
2876,63
2877,63
2878,63
2879,63
2880,63
2881,63
2882,63
2883,63
2884,63
2885,63
2886,63
2887,63
2888,63
2889,63
2890,63
2891,63
2892,63
2893,63
2894,63
2895,63
2896,63
2897,63
2898,63
2899,63
2900,63
2901,63
2902,63
2903,63
2904,63
2905,63
2906,63
2907,63
2908,63
2909,63
2910,63
2911,63
2912,63
2913,63
2914,63
2915,63
2916,63
2917,63
2918,63
2919,63
2920,63
2921,63
2922,63
2923,63
2924,63
2925,63
2926,63
2927,63
2928,63
2929,63
2930,63
2931,63
2932,63
2933,63
2934,63
2935,63
2936,63
2937,63
2938,63
2939,63
2940,63
2941,63
2942,63
2943,63
2944,63
2945,63
2946,63
2947,63
2948,63
2949,63
2950,63
2951,63
2952,63
2953,63
2954,63
2955,63
2956,63
2957,63
2958,63
2959,63
2960,63
2961,63
2962,63
2963,63
2964,63
2965,63
2966,63
2967,63
2968,63
2969,63
2970,63
2971,63
2972,63
2973,63
2974,63
2975,63
2976,63
2977,63
2978,63
2979,63
2980,63
2981,63
2982,63
2983,63
2984,63
2985,63
2986,63
2987,63
2988,63
2989,63
2990,63
2991,63
2992,63
2993,63
2994,63
2995,63
2996,63
2997,63
2998,63
2999,63
3000,63
3001,63
3002,63
3003,63
3004,63
3005,63
3006,63
3007,63
3008,63
3009,63
3010,63
3011,63
3012,63
3013,63
3014,63
3015,63
3016,63
3017,63
3018,63
3019,63
3020,63
3021,63
3022,63
3023,63
3024,63
3025,63
3026,63
3027,63
3028,63
3029,63
3030,63
3031,63
3032,63
3033,63
3034,63
3035,63
3036,63
3037,63
3038,63
3039,63
3040,63
3041,63
3042,63
3043,63
3044,63
3045,63
3046,63
3047,63
3048,63
3049,63
3050,63
3051,61
3052,61
3053,61
3054,61
3055,61
3056,61
3057,61
3058,62
3059,61
3060,62
3061,62
3062,61
3063,61
3064,62
3065,61
3066,61
3067,61
3068,62
3069,61
3070,62
3071,61
3072,62
3073,61
3074,61
3075,62
3076,61
3077,61
3078,61
3079,61
3080,61
3081,61
3082,61
3083,62
3084,61
3085,62
3086,61
3087,62
3088,61
3089,62
3090,61
3091,62
3092,61
3093,61
3094,61
3095,61
3096,62
3097,61
3098,61
3099,61
3100,61
3101,61
3102,61
3103,61
3104,61
3105,62
3106,62
3107,61
3108,62
3109,62
3110,62
3111,61
3112,61
3113,62
3114,61
3115,62
3116,61
3117,61
3118,61
3119,62
3120,61
3121,62
3122,62
3123,62
3124,62
3125,61
3126,61
3127,62
3128,61
3129,62
3130,61
3131,62
3132,61
3133,62
3134,61
3135,61
3136,61
3137,61
3138,62
3139,61
3140,61
3141,62
3142,61
3143,61
3144,62
3145,61
3146,61
3147,61
3148,61
3149,61
3150,62
3151,61
3152,62
3153,62
3154,62
3155,61
3156,62
3157,61
3158,61
3159,61
3160,62
3161,61
3162,62
3163,61
3164,61
3165,61
3166,62
3167,61
3168,62
3169,61
3170,61
3171,61
3172,61
3173,61
3174,61
3175,61
3176,62
3177,61
3178,61
3179,61
3180,61
3181,62
3182,61
3183,61
3184,61
3185,61
3186,62
3187,61
3188,61
3189,62
3190,61
3191,62
3192,61
3193,61
3194,61
3195,62
3196,61
3197,61
3198,61
3199,61
3200,62
3201,61
3202,61
3203,61
3204,61
3205,61
3206,61
3207,61
3208,61
3209,62
3210,62
3211,61
3212,61
3213,62
3214,61
3215,61
3216,61
3217,62
3218,61
3219,61
3220,61
3221,61
3222,61
3223,61
3224,61
3225,62
3226,61
3227,61
3228,61
3229,61
3230,61
3231,62
3232,62
3233,61
3234,61
3235,62
3236,61
3237,62
3238,61
3239,62
3240,61
3241,61
3242,62
3243,61
3244,62
3245,61
3246,61
3247,61
3248,62
3249,61
3250,62
3251,61
3252,61
3253,61
3254,61
3255,61
3256,61
3257,61
3258,61
3259,61
3260,62
3261,61
3262,62
3263,61
3264,62
3265,61
3266,62
3267,62
3268,61
3269,61
3270,61
3271,61
3272,61
3273,61
3274,61
3275,61
3276,62
3277,62
3278,61
3279,61
3280,61
3281,62
3282,62
3283,62
3284,61
3285,61
3286,61
3287,62
3288,61
3289,61
3290,61
3291,62
3292,61
3293,62
3294,62
3295,62
3296,62
3297,62
3298,61
3299,61
3300,61
3301,61
3302,61
3303,61
3304,61
3305,61
3306,61
3307,62
3308,61
3309,62
3310,61
3311,61
3312,61
3313,61
3314,61
3315,61
3316,61
3317,61
3318,62
3319,61
3320,61
3321,61
3322,61
3323,61
3324,61
3325,62
3326,61
3327,62
3328,62
3329,61
3330,61
3331,61
3332,61
3333,62
3334,61
3335,62
3336,61
3337,62
3338,61
3339,61
3340,61
3341,61
3342,61
3343,61
3344,62
3345,61
3346,61
3347,62
3348,61
3349,61
3350,61
3351,62
3352,62
3353,62
3354,61
3355,61
3356,62
3357,61
3358,62
3359,61
3360,62
3361,62
3362,62
3363,62
3364,61
3365,61
3366,61
3367,62
3368,62
3369,62
3370,62
3371,61
3372,61
3373,61
3374,62
3375,61
3376,61
3377,61
3378,61
3379,61
3380,61
3381,61
3382,61
3383,62
3384,62
3385,61
3386,62
3387,61
3388,61
3389,61
3390,61
3391,61
3392,61
3393,61
3394,62
3395,61
3396,61
3397,61
3398,62
3399,61
3400,61
3401,61
3402,61
3403,61
3404,61
3405,61
3406,62
3407,62
3408,61
3409,61
3410,62
3411,61
3412,61
3413,62
3414,62
3415,61
3416,61
3417,62
3418,62
3419,62
3420,62
3421,61
3422,61
3423,62
3424,61
3425,61
3426,61
3427,61
3428,62
3429,61
3430,61
3431,61
3432,62
3433,62
3434,62
3435,62
3436,61
3437,61
3438,61
3439,61
3440,62
3441,62
3442,61
3443,61
3444,61
3445,61
3446,62
3447,61
3448,62
3449,61
3450,62
3451,61
3452,61
3453,62
3454,61
3455,61
3456,61
3457,61
3458,61
3459,61
3460,61
3461,61
3462,62
3463,61
3464,61
3465,61
3466,62
3467,61
3468,64
3469,64
3470,64
3471,64
3472,64
3473,64
3474,64
3475,64
3476,64
3477,64
3478,64
3479,64
3480,64
3481,64
3482,64
3483,64
3484,64
3485,64
3486,64
3487,64
3488,64
3489,64
3490,64
3491,64
3492,64
3493,64
3494,64
3495,64
3496,64
3497,64
3498,64
3499,64
3500,64
3501,64
3502,64
3503,64
3504,64
3505,64
3506,64
3507,64
3508,64
3509,64
3510,64
3511,64
3512,64
3513,64
3514,64
3515,64
3516,64
3517,64
3518,64
3519,64
3520,64
3521,64
3522,64
3523,64
3524,64
3525,64
3526,64
3527,64
3528,64
3529,64
3530,64
3531,64
3532,64
3533,64
3534,64
3535,65
3536,65
3537,65
3538,65
3539,65
3540,65
3541,65
3542,65
3543,65
3544,65
3545,65
3546,65
3547,65
3548,65
3549,65
3550,65
3551,65
3552,65
3553,65
3554,65
3555,65
3556,65
3557,65
3558,65
3559,65
3560,65
3561,65
3562,65
3563,65
3564,65
3565,66
3566,66
3567,66
3568,66
3569,66
3570,66
3571,67
3572,68
3573,69
3574,68
3575,69
3576,68
3577,68
3578,69
3579,69
3580,68
3581,69
3582,68
3583,68
3584,68
3585,68
3586,68
3587,69
3588,68
3589,68
3590,68
3591,68
3592,68
3593,69
3594,68
3595,69
3596,68
3597,68
3598,68
3599,68
3600,68
3601,68
3602,69
3603,68
3604,68
3605,68
3606,68
3607,68
3608,68
3609,68
3610,69
3611,68
3612,68
3613,68
3614,68
3615,69
3616,68
3617,68
3618,68
3619,68
3620,68
3621,68
3622,68
3623,68
3624,68
3625,69
3626,68
3627,68
3628,68
3629,68
3630,71
3631,71
3632,71
3633,70
3634,70
3635,70
3636,71
3637,72
3638,72
3639,72
3640,72
3641,72
3642,72
3643,73
3644,73
3645,73
3646,73
3647,73
3648,73
3649,73
3650,73
3651,73
3652,73
3653,73
3654,73
3655,73
3656,73
3657,73
3658,73
3659,73
3660,73
3661,73
3662,73
3663,73
3664,73
3665,73
3666,73
3667,73
3668,73
3669,73
3670,73
3671,73
3672,73
3673,73
3674,73
3675,73
3676,73
3677,73
3678,73
3679,73
3680,73
3681,73
3682,73
3683,73
3684,73
3685,73
3686,73
3687,73
3688,73
3689,73
3690,73
3691,73
3692,73
3693,73
3694,73
3695,73
3696,73
3697,73
3698,73
3699,73
3700,73
3701,73
3702,73
3703,73
3704,73
3705,73
3706,73
3707,73
3708,73
3709,73
3710,73
3711,73
3712,73
3713,73
3714,73
3715,73
3716,73
3717,73
3718,73
3719,73
3720,73
3721,73
3722,73
3723,73
3724,73
3725,73
3726,73
3727,73
3728,73
3729,73
3730,73
3731,73
3732,73
3733,73
3734,73
3735,73
3736,73
3737,73
3738,73
3739,73
3740,73
3741,73
3742,73
3743,73
3744,73
3745,73
3746,73
3747,73
3748,73
3749,73
3750,73
3751,73
3752,73
3753,73
3754,73
3755,73
3756,73
3757,73
3758,73
3759,73
3760,73
3761,73
3762,73
3763,73
3764,73
3765,73
3766,73
3767,73
3768,73
3769,73
3770,73
3771,73
3772,73
3773,73
3774,73
3775,73
3776,73
3777,73
3778,73
3779,73
3780,73
3781,73
3782,73
3783,73
3784,73
3785,73
3786,73
3787,73
3788,73
3789,73
3790,73
3791,73
3792,73
3793,73
3794,73
3795,73
3796,73
3797,73
3798,73
3799,73
3800,73
3801,73
3802,73
3803,73
3804,73
3805,73
3806,73
3807,73
3808,73
3809,73
3810,73
3811,73
3812,73
3813,73
3814,73
3815,73
3816,73
3817,73
3818,73
3819,73
3820,73
3821,73
3822,73
3823,73
3824,73
3825,73
3826,73
3827,73
3828,73
3829,73
3830,73
3831,73
3832,73
3833,73
3834,73
3835,73
3836,73
3837,73
3838,73
3839,73
3840,73
3841,73
3842,73
3843,73
3844,73
3845,73
3846,73
3847,73
3848,73
3849,73
3850,73
3851,73
3852,73
3853,73
3854,73
3855,73
3856,73
3857,73
3858,73
3859,73
3860,73
3861,73
3862,73
3863,73
3864,73
3865,73
3866,73
3867,73
3868,73
3869,73
3870,73
3871,73
3872,73
3873,73
3874,73
3875,73
3876,73
3877,73
3878,73
3879,73
3880,73
3881,73
3882,73
3883,73
3884,73
3885,73
3886,73
3887,73
3888,73
3889,73
3890,73
3891,73
3892,73
3893,73
3894,73
3895,73
3896,73
3897,73
3898,73
3899,73
3900,73
3901,73
3902,73
3903,73
3904,73
3905,73
3906,73
3907,73
3908,73
3909,73
3910,73
3911,73
3912,73
3913,73
3914,73
3915,73
3916,73
3917,73
3918,73
3919,73
3920,73
3921,73
3922,73
3923,73
3924,73
3925,73
3926,73
3927,73
3928,73
3929,73
3930,73
3931,73
3932,73
3933,73
3934,73
3935,73
3936,73
3937,73
3938,73
3939,73
3940,73
3941,73
3942,73
3943,73
3944,73
3945,73
3946,73
3947,73
3948,73
3949,73
3950,73
3951,73
3952,73
3953,73
3954,73
3955,73
3956,73
3957,73
3958,73
3959,73
3960,73
3961,73
3962,73
3963,73
3964,73
3965,73
3966,73
3967,73
3968,73
3969,73
3970,73
3971,73
3972,73
3973,73
3974,73
3975,73
3976,73
3977,73
3978,73
3979,73
3980,73
3981,73
3982,73
3983,73
3984,73
3985,73
3986,73
3987,73
3988,73
3989,73
3990,73
3991,73
3992,73
3993,73
3994,73
3995,73
3996,73
3997,73
3998,73
3999,73
4000,73
4001,73
4002,73
4003,73
4004,73
4005,73
4006,73
4007,73
4008,73
4009,73
4010,73
4011,73
4012,73
4013,73
4014,73
4015,73
4016,73
4017,73
4018,73
4019,73
4020,73
4021,73
4022,73
4023,73
4024,73
4025,73
4026,73
4027,73
4028,73
4029,73
4030,73
4031,73
4032,73
4033,73
4034,73
4035,73
4036,73
4037,73
4038,73
4039,73
4040,73
4041,73
4042,73
4043,73
4044,73
4045,73
4046,73
4047,73
4048,73
4049,73
4050,73
4051,73
4052,73
4053,73
4054,73
4055,73
4056,73
4057,73
4058,73
4059,73
4060,73
4061,73
4062,73
4063,73
4064,73
4065,73
4066,73
4067,73
4068,73
4069,73
4070,73
4071,73
4072,73
4073,73
4074,73
4075,73
4076,73
4077,73
4078,73
4079,73
4080,73
4081,73
4082,73
4083,73
4084,73
4085,73
4086,73
4087,73
4088,73
4089,73
4090,73
4091,73
4092,73
4093,73
4094,73
4095,73
4096,73
4097,73
4098,73
4099,73
4100,73
4101,73
4102,73
4103,73
4104,73
4105,73
4106,73
4107,73
4108,73
4109,73
4110,73
4111,73
4112,73
4113,73
4114,73
4115,73
4116,73
4117,73
4118,73
4119,73
4120,73
4121,73
4122,73
4123,73
4124,73
4125,73
4126,73
4127,73
4128,73
4129,73
4130,73
4131,73
4132,73
4133,73
4134,73
4135,73
4136,73
4137,73
4138,73
4139,73
4140,73
4141,73
4142,73
4143,73
4144,73
4145,73
4146,73
4147,73
4148,73
4149,73
4150,73
4151,73
4152,73
4153,73
4154,73
4155,73
4156,74
4157,74
4158,74
4159,74
4160,74
4161,74
4162,74
4163,74
4164,74
4165,74
4166,74
4167,74
4168,74
4169,74
4170,74
4171,74
4172,74
4173,74
4174,74
4175,74
4176,74
4177,74
4178,74
4179,74
4180,74
4181,74
4182,74
4183,74
4184,74
4185,74
4186,74
4187,74
4188,74
4189,75
4190,75
4191,74
4192,74
4193,74
4194,74
4195,74
4196,74
4197,74
4198,74
4199,74
4200,74
4201,74
4202,74
4203,74
4204,74
4205,74
4206,74
4207,74
4208,75
4209,75
4210,75
4211,74
4212,77
4213,77
4214,77
4215,76
4216,76
4217,76
4218,76
4219,76
4220,76
4221,76
4222,77
4223,77
4224,77
4225,77
4226,77
4227,76
4228,76
4229,77
4230,76
4231,76
4232,77
4233,77
4234,76
4235,77
4236,77
4237,76
4238,78
4239,79
4240,80
4241,80
4242,81
4243,80
4244,80
4245,80
4246,80
4247,80
4248,81
4249,81
4250,81
4251,80
4252,80
4253,80
4254,80
4255,80
4256,80
4257,80
4258,80
4259,81
4260,80
4261,80
4262,80
4263,80
4264,80
4265,81
4266,80
4267,80
4268,80
4269,80
4270,80
4271,80
4272,81
4273,81
4274,80
4275,80
4276,81
4277,83
4278,83
4279,83
4280,83
4281,83
4282,83
4283,83
4284,82
4285,83
4286,83
4287,83
4288,83
4289,82
4290,83
4291,83
4292,83
4293,83
4294,82
4295,83
4296,83
4297,83
4298,83
4299,83
4300,82
4301,83
4302,83
4303,83
4304,83
4305,83
4306,83
4307,83
4308,83
4309,83
4310,83
4311,83
4312,82
4313,85
4314,85
4315,85
4316,85
4317,87
4318,87
4319,87
4320,86
4321,86
4322,86
4323,86
4324,86
4325,86
4326,88
4327,88
4328,88
4329,88
4330,88
4331,88
4332,88
4333,88
4334,88
4335,88
4336,88
4337,88
4338,88
4339,88
4340,88
4341,88
4342,88
4343,88
4344,88
4345,88
4346,88
4347,88
4348,88
4349,88
4350,88
4351,88
4352,88
4353,88
4354,88
4355,88
4356,88
4357,88
4358,88
4359,88
4360,88
4361,88
4362,88
4363,88
4364,88
4365,88
4366,88
4367,88
4368,88
4369,88
4370,88
4371,88
4372,88
4373,88
4374,88
4375,88
4376,88
4377,88
4378,88
4379,88
4380,88
4381,88
4382,88
4383,88
4384,88
4385,88
4386,88
4387,88
4388,88
4389,88
4390,88
4391,88
4392,88
4393,88
4394,88
4395,88
4396,88
4397,88
4398,88
4399,88
4400,88
4401,88
4402,88
4403,88
4404,88
4405,88
4406,88
4407,88
4408,88
4409,88
4410,88
4411,88
4412,88
4413,88
4414,88
4415,88
4416,88
4417,88
4418,88
4419,88
4420,88
4421,88
4422,88
4423,88
4424,88
4425,88
4426,88
4427,88
4428,88
4429,88
4430,88
4431,88
4432,88
4433,88
4434,88
4435,88
4436,88
4437,88
4438,88
4439,88
4440,88
4441,88
4442,88
4443,88
4444,88
4445,88
4446,88
4447,88
4448,88
4449,88
4450,88
4451,88
4452,88
4453,88
4454,88
4455,88
4456,88
4457,88
4458,88
4459,88
4460,88
4461,88
4462,88
4463,88
4464,88
4465,88
4466,88
4467,88
4468,88
4469,88
4470,88
4471,88
4472,88
4473,88
4474,88
4475,88
4476,88
4477,88
4478,88
4479,88
4480,88
4481,88
4482,88
4483,88
4484,88
4485,88
4486,88
4487,88
4488,88
4489,88
4490,88
4491,88
4492,88
4493,88
4494,88
4495,88
4496,88
4497,88
4498,88
4499,88
4500,88
4501,88
4502,88
4503,88
4504,88
4505,88
4506,88
4507,88
4508,88
4509,88
4510,88
4511,88
4512,88
4513,88
4514,88
4515,88
4516,88
4517,88
4518,88
4519,88
4520,88
4521,88
4522,88
4523,88
4524,88
4525,88
4526,88
4527,88
4528,88
4529,88
4530,88
4531,88
4532,88
4533,88
4534,88
4535,88
4536,88
4537,88
4538,88
4539,88
4540,88
4541,88
4542,88
4543,88
4544,88
4545,88
4546,88
4547,88
4548,88
4549,88
4550,88
4551,88
4552,88
4553,88
4554,88
4555,88
4556,88
4557,88
4558,88
4559,88
4560,88
4561,88
4562,88
4563,88
4564,88
4565,88
4566,88
4567,88
4568,88
4569,88
4570,88
4571,88
4572,88
4573,88
4574,88
4575,88
4576,88
4577,88
4578,88
4579,88
4580,88
4581,88
4582,88
4583,88
4584,88
4585,88
4586,88
4587,88
4588,88
4589,88
4590,88
4591,88
4592,88
4593,88
4594,88
4595,88
4596,88
4597,88
4598,88
4599,88
4600,88
4601,88
4602,88
4603,88
4604,88
4605,88
4606,88
4607,88
4608,88
4609,88
4610,88
4611,88
4612,88
4613,88
4614,88
4615,88
4616,88
4617,88
4618,88
4619,88
4620,88
4621,88
4622,88
4623,88
4624,88
4625,88
4626,88
4627,88
4628,88
4629,88
4630,88
4631,88
4632,88
4633,88
4634,88
4635,88
4636,88
4637,88
4638,88
4639,88
4640,88
4641,88
4642,88
4643,88
4644,88
4645,88
4646,88
4647,88
4648,88
4649,88
4650,88
4651,88
4652,88
4653,88
4654,88
4655,88
4656,88
4657,88
4658,88
4659,88
4660,88
4661,88
4662,88
4663,88
4664,88
4665,88
4666,88
4667,88
4668,88
4669,88
4670,88
4671,88
4672,88
4673,88
4674,88
4675,88
4676,88
4677,88
4678,88
4679,88
4680,88
4681,88
4682,88
4683,88
4684,88
4685,88
4686,88
4687,88
4688,88
4689,88
4690,88
4691,88
4692,88
4693,88
4694,88
4695,88
4696,88
4697,88
4698,88
4699,88
4700,88
4701,88
4702,88
4703,88
4704,88
4705,88
4706,88
4707,88
4708,88
4709,88
4710,88
4711,88
4712,88
4713,88
4714,88
4715,88
4716,88
4717,88
4718,88
4719,88
4720,88
4721,88
4722,88
4723,88
4724,88
4725,88
4726,88
4727,88
4728,88
4729,88
4730,88
4731,88
4732,88
4733,88
4734,88
4735,88
4736,88
4737,88
4738,88
4739,88
4740,88
4741,88
4742,88
4743,88
4744,88
4745,88
4746,88
4747,88
4748,88
4749,88
4750,88
4751,88
4752,88
4753,88
4754,88
4755,88
4756,88
4757,88
4758,88
4759,88
4760,88
4761,88
4762,88
4763,88
4764,88
4765,88
4766,88
4767,88
4768,88
4769,88
4770,88
4771,88
4772,88
4773,88
4774,88
4775,88
4776,88
4777,88
4778,88
4779,88
4780,88
4781,88
4782,88
4783,88
4784,88
4785,88
4786,88
4787,88
4788,88
4789,88
4790,88
4791,88
4792,88
4793,88
4794,88
4795,88
4796,88
4797,88
4798,88
4799,88
4800,88
4801,88
4802,88
4803,88
4804,88
4805,88
4806,88
4807,88
4808,88
4809,88
4810,88
4811,88
4812,88
4813,88
4814,88
4815,88
4816,88
4817,88
4818,88
4819,88
4820,88
4821,88
4822,88
4823,88
4824,88
4825,88
4826,88
4827,88
4828,88
4829,88
4830,88
4831,88
4832,88
4833,88
4834,88
4835,88
4836,88
4837,88
4838,88
4839,88
4840,88
4841,88
4842,88
4843,88
4844,88
4845,88
4846,88
4847,88
4848,88
4849,88
4850,88
4851,88
4852,88
4853,88
4854,88
4855,88
4856,88
4857,88
4858,88
4859,88
4860,88
4861,88
4862,88
4863,88
4864,88
4865,88
4866,88
4867,88
4868,88
4869,88
4870,88
4871,88
4872,88
4873,88
4874,88
4875,88
4876,88
4877,88
4878,88
4879,88
4880,88
4881,88
4882,88
4883,88
4884,88
4885,88
4886,88
4887,88
4888,88
4889,88
4890,88
4891,88
4892,88
4893,88
4894,88
4895,88
4896,88
4897,88
4898,88
4899,88
4900,88
4901,88
4902,88
4903,88
4904,88
4905,88
4906,88
4907,88
4908,88
4909,88
4910,88
4911,88
4912,88
4913,88
4914,88
4915,88
4916,88
4917,88
4918,88
4919,88
4920,88
4921,88
4922,88
4923,88
4924,88
4925,88
4926,88
4927,88
4928,88
4929,88
4930,88
4931,88
4932,88
4933,88
4934,88
4935,88
4936,88
4937,88
4938,88
4939,88
4940,88
4941,88
4942,88
4943,88
4944,88
4945,88
4946,88
4947,88
4948,88
4949,88
4950,88
4951,88
4952,88
4953,88
4954,88
4955,88
4956,88
4957,88
4958,88
4959,88
4960,88
4961,88
4962,88
4963,88
4964,88
4965,88
4966,88
4967,88
4968,88
4969,88
4970,88
4971,88
4972,88
4973,88
4974,88
4975,88
4976,88
4977,88
4978,88
4979,88
4980,88
4981,88
4982,88
4983,88
4984,88
4985,88
4986,88
4987,88
4988,88
4989,88
4990,88
4991,90
4992,91
4993,90
4994,89
4995,89
4996,91
4997,91
4998,89
4999,91
5000,91
5001,91
5002,91
5003,89
5004,91
5005,91
5006,89
5007,91
5008,89
5009,89
5010,90
5011,89
5012,89
5013,89
5014,89
5015,89
5016,90
5017,89
5018,91
5019,91
5020,91
5021,89
5022,91
5023,91
5024,91
5025,89
5026,89
5027,91
5028,89
5029,89
5030,89
5031,89
5032,89
5033,91
5034,89
5035,89
5036,89
5037,89
5038,89
5039,89
5040,89
5041,91
5042,89
5043,89
5044,91
5045,89
5046,89
5047,89
5048,92
5049,92
5050,93
5051,93
5052,93
5053,92
5054,93
5055,92
5056,93
5057,93
5058,92
5059,92
5060,92
5061,93
5062,93
5063,93
5064,92
5065,92
5066,92
5067,92
5068,92
5069,93
5070,93
5071,92
5072,93
5073,92
5074,93
5075,92
5076,92
5077,93
5078,93
5079,92
5080,93
5081,92
5082,93
5083,92
5084,92
5085,93
5086,92
5087,93
5088,92
5089,92
5090,92
5091,93
5092,93
5093,93
5094,93
5095,92
5096,92
5097,95
5098,94
5099,94
5100,95
5101,95
5102,94
5103,95
5104,95
5105,95
5106,95
5107,95
5108,95
5109,97
5110,97
5111,97
5112,97
5113,97
5114,97
5115,97
5116,97
5117,97
5118,96
5119,97
5120,97
5121,97
5122,97
5123,97
5124,97
5125,97
5126,97
5127,96
5128,96
5129,97
5130,97
5131,97
5132,97
5133,97
5134,97
5135,97
5136,97
5137,97
5138,97
5139,97
5140,97
5141,97
5142,97
5143,97
5144,97
5145,97
5146,97
5147,97
5148,97
5149,97
5150,97
5151,97
5152,97
5153,97
5154,97
5155,97
5156,97
5157,97
5158,97
5159,97
5160,97
5161,97
5162,97
5163,97
5164,97
5165,97
5166,97
5167,97
5168,97
5169,97
5170,97
5171,97
5172,97
5173,97
5174,97
5175,97
5176,97
5177,97
5178,97
5179,97
5180,97
5181,97
5182,97
5183,97
5184,97
5185,97
5186,97
5187,97
5188,97
5189,97
5190,97
5191,97
5192,97
5193,97
5194,97
5195,97
5196,96
5197,98
5198,98
5199,98
5200,99
5201,99
5202,98
5203,99
5204,99
5205,99
5206,99
5207,101
5208,101
5209,100
5210,101
5211,100
5212,101
5213,100
5214,101
5215,101
5216,101
5217,101
5218,102
5219,102
5220,102
5221,102
5222,102
5223,103
5224,102
5225,102
5226,102
5227,102
5228,102
5229,104
5230,104
5231,104
5232,84
5233,84
5234,84
5235,84
5236,84
5237,84
5238,84
5239,84
5240,84
5241,84
5242,84
5243,84
5244,84
5245,84
5246,84
5247,84
5248,84
5249,84
5250,84
5251,84
5252,84
5253,84
5254,84
5255,84
5256,84
5257,84
5258,84
5259,84
5260,84
5261,84
5262,84
5263,84
5264,84
5265,84
5266,84
5267,84
5268,84
5269,84
5270,84
5271,84
5272,84
5273,84
5274,84
5275,84
5276,84
5277,84
5278,84
5279,84
5280,84
5281,84
5282,84
5283,84
5284,84
5285,84
5286,84
5287,84
5288,84
5289,84
5290,84
5291,84
5292,84
5293,84
5294,84
5295,84
5296,84
5297,84
5298,84
5299,84
5300,84
5301,84
5302,84
5303,84
5304,84
5305,84
5306,84
5307,84
5308,84
5309,84
5310,84
5311,84
5312,84
5313,84
5314,84
5315,84
5316,84
5317,84
5318,84
5319,84
5320,84
5321,84
5322,84
5323,84
5324,84
5325,84
5326,84
5327,84
5328,84
5329,84
5330,84
5331,84
5332,84
5333,84
5334,84
5335,84
5336,84
5337,84
5338,84
5339,84
5340,84
5341,84
5342,84
5343,84
5344,84
5345,84
5346,84
5347,84
5348,84
5349,84
5350,84
5351,84
5352,84
5353,84
5354,84
5355,84
5356,84
5357,84
5358,84
5359,84
5360,84
5361,84
5362,84
5363,84
5364,84
5365,84
5366,84
5367,84
5368,84
5369,84
5370,84
5371,84
5372,84
5373,84
5374,84
5375,84
5376,84
5377,84
5378,84
5379,84
5380,84
5381,84
5382,84
5383,84
5384,84
5385,84
5386,84
5387,84
5388,84
5389,84
5390,84
5391,84
5392,84
5393,84
5394,84
5395,84
5396,84
5397,84
5398,84
5399,84
5400,84
5401,84
5402,84
5403,84
5404,84
5405,84
5406,84
5407,84
5408,84
5409,84
5410,84
5411,84
5412,84
5413,84
5414,84
5415,84
5416,84
5417,84
5418,84
5419,84
5420,84
5421,84
5422,84
5423,84
5424,84
5425,84
5426,84
5427,84
5428,84
5429,84
5430,84
5431,84
5432,84
5433,84
5434,84
5435,84
5436,84
5437,84
5438,84
5439,84
5440,84
5441,84
5442,84
5443,84
5444,84
5445,84
5446,84
5447,84
5448,84
5449,84
5450,84
5451,84
5452,84
5453,84
5454,84
5455,84
5456,84
5457,84
5458,84
5459,84
5460,84
5461,84
5462,84
5463,84
5464,84
5465,84
5466,84
5467,84
5468,84
5469,84
5470,84
5471,84
5472,84
5473,84
5474,84
5475,84
5476,84
5477,84
5478,84
5479,84
5480,84
5481,84
5482,84
5483,84
5484,84
5485,84
5486,84
5487,84
5488,84
5489,84
5490,84
5491,84
5492,84
5493,84
5494,84
5495,84
5496,84
5497,84
5498,84
5499,84
5500,84
5501,84
5502,84
5503,84
5504,84
5505,84
5506,84
5507,84
5508,84
5509,84
5510,84
5511,84
5512,84
5513,84
5514,84
5515,84
5516,84
5517,84
5518,84
5519,84
5520,84
5521,84
5522,84
5523,84
5524,84
5525,84
5526,84
5527,84
5528,84
5529,84
5530,84
5531,84
5532,84
5533,84
5534,84
5535,84
5536,84
5537,84
5538,84
5539,84
5540,84
5541,84
5542,84
5543,84
5544,84
5545,84
5546,84
5547,84
5548,84
5549,84
5550,84
5551,84
5552,84
5553,84
5554,84
5555,84
5556,84
5557,84
5558,84
5559,84
5560,84
5561,84
5562,84
5563,84
5564,84
5565,84
5566,84
5567,84
5568,84
5569,84
5570,84
5571,84
5572,84
5573,84
5574,84
5575,84
5576,84
5577,84
5578,84
5579,84
5580,84
5581,84
5582,84
5583,84
5584,84
5585,84
5586,84
5587,84
5588,84
5589,84
5590,84
5591,84
5592,84
5593,84
5594,84
5595,84
5596,84
5597,84
5598,84
5599,84
5600,84
5601,84
5602,84
5603,84
5604,84
5605,84
5606,84
5607,84
5608,84
5609,84
5610,84
5611,84
5612,84
5613,84
5614,84
5615,84
5616,84
5617,84
5618,84
5619,84
5620,84
5621,84
5622,84
5623,84
5624,84
5625,84
5626,84
5627,84
5628,84
5629,84
5630,84
5631,84
5632,84
5633,84
5634,84
5635,84
5636,84
5637,84
5638,84
5639,84
5640,84
5641,84
5642,84
5643,84
5644,84
5645,84
5646,84
5647,84
5648,84
5649,84
5650,84
5651,84
5652,84
5653,84
5654,84
5655,84
5656,84
5657,84
5658,84
5659,84
5660,84
5661,84
5662,84
5663,84
5664,84
5665,84
5666,84
5667,84
5668,84
5669,84
5670,84
5671,84
5672,84
5673,84
5674,84
5675,84
5676,84
5677,84
5678,84
5679,84
5680,84
5681,84
5682,84
5683,84
5684,84
5685,84
5686,84
5687,84
5688,84
5689,84
5690,84
5691,84
5692,84
5693,84
5694,84
5695,84
5696,84
5697,84
5698,84
5699,84
5700,84
5701,84
5702,84
5703,84
5704,84
5705,84
5706,84
5707,84
5708,84
5709,84
5710,84
5711,84
5712,84
5713,84
5714,84
5715,84
5716,84
5717,84
5718,84
5719,84
5720,84
5721,84
5722,84
5723,84
5724,84
5725,84
5726,84
5727,84
5728,84
5729,84
5730,84
5731,84
5732,84
5733,84
5734,84
5735,84
5736,84
5737,84
5738,84
5739,84
5740,84
5741,84
5742,84
5743,84
5744,84
5745,84
5746,84
5747,84
5748,84
5749,84
5750,84
5751,84
5752,84
5753,84
5754,84
5755,84
5756,84
5757,84
5758,84
5759,84
5760,84
5761,84
5762,84
5763,84
5764,84
5765,84
5766,84
5767,84
5768,84
5769,84
5770,84
5771,84
5772,84
5773,84
5774,84
5775,84
5776,84
5777,84
5778,84
5779,84
5780,84
5781,84
5782,84
5783,84
5784,84
5785,84
5786,84
5787,84
5788,84
5789,84
5790,105
5791,105
5792,105
5793,105
5794,105
5795,105
5796,106
5797,107
5798,107
5799,107
5800,107
5801,107
5802,107
5803,107
5804,107
5805,107
5806,107
5807,107
5808,107
5809,107
5810,107
5811,107
5812,107
5813,107
5814,108
5815,108
5816,108
5817,108
5818,108
5819,108
5820,108
5821,108
5822,108
5823,108
5824,108
5825,108
5826,108
5827,108
5828,108
5829,108
5830,108
5831,108
5832,108
5833,108
5834,108
5835,108
5836,108
5837,108
5838,108
5839,109
5840,109
5841,109
5842,109
5843,109
5844,109
5845,109
5846,109
5847,109
5848,109
5849,109
5850,109
5851,109
5852,109
5853,109
5854,109
5855,109
5856,109
5857,109
5858,109
5859,109
5860,109
5861,109
5862,109
5863,109
5864,109
5865,109
5866,109
5867,109
5868,109
5869,109
5870,109
5871,109
5872,109
5873,109
5874,109
5875,109
5876,109
5877,109
5878,109
5879,109
5880,109
5881,109
5882,109
5883,109
5884,109
5885,109
5886,109
5887,109
5888,109
5889,109
5890,109
5891,109
5892,109
5893,109
5894,109
5895,109
5896,109
5897,109
5898,109
5899,109
5900,109
5901,109
5902,109
5903,109
5904,109
5905,109
5906,109
5907,109
5908,109
5909,109
5910,109
5911,109
5912,109
5913,109
5914,109
5915,109
5916,109
5917,109
5918,109
5919,109
5920,109
5921,109
5922,109
5923,109
5924,109
5925,109
5926,109
5927,109
5928,109
5929,109
5930,109
5931,109
5932,109
5933,109
5934,109
5935,109
5936,109
5937,109
5938,109
5939,109
5940,109
5941,109
5942,109
5943,109
5944,109
5945,109
5946,109
5947,109
5948,109
5949,109
5950,109
5951,109
5952,109
5953,109
5954,109
5955,109
5956,109
5957,109
5958,109
5959,109
5960,109
5961,109
5962,109
5963,109
5964,109
5965,109
5966,109
5967,109
5968,109
5969,109
5970,109
5971,109
5972,109
5973,109
5974,109
5975,109
5976,109
5977,109
5978,109
5979,109
5980,109
5981,109
5982,109
5983,109
5984,109
5985,109
5986,109
5987,109
5988,109
5989,109
5990,109
5991,109
5992,109
5993,109
5994,109
5995,109
5996,109
5997,109
5998,109
5999,109
6000,109
6001,109
6002,109
6003,109
6004,109
6005,109
6006,109
6007,109
6008,109
6009,109
6010,109
6011,109
6012,109
6013,109
6014,109
6015,109
6016,109
6017,109
6018,109
6019,109
6020,109
6021,109
6022,109
6023,109
6024,109
6025,109
6026,109
6027,109
6028,109
6029,109
6030,109
6031,109
6032,109
6033,110
6034,111
6035,111
6036,111
6037,111
6038,111
6039,112
6040,112
6041,112
6042,112
6043,112
6044,112
6045,112
6046,112
6047,112
6048,112
6049,112
6050,112
6051,112
6052,112
6053,112
6054,112
6055,112
6056,113
6057,113
6058,113
6059,113
6060,113
6061,113
6062,113
6063,113
6064,113
6065,113
6066,113
6067,113
6068,113
6069,113
6070,113
6071,113
6072,113
6073,113
6074,113
6075,113
6076,113
6077,114
6078,114
6079,114
6080,114
6081,114
6082,114
6083,114
6084,114
6085,114
6086,114
6087,114
6088,114
6089,114
6090,114
6091,114
6092,114
6093,114
6094,114
6095,114
6096,114
6097,114
6098,114
6099,115
6100,116
6101,115
6102,116
6103,115
6104,115
6105,115
6106,115
6107,115
6108,115
6109,116
6110,115
6111,115
6112,115
6113,115
6114,115
6115,115
6116,115
6117,115
6118,115
6119,116
6120,115
6121,115
6122,115
6123,116
6124,116
6125,115
6126,115
6127,115
6128,115
6129,115
6130,115
6131,115
6132,116
6133,115
6134,115
6135,116
6136,116
6137,115
6138,116
6139,115
6140,115
6141,115
6142,115
6143,115
6144,116
6145,116
6146,116
6147,115
6148,116
6149,116
6150,116
6151,115
6152,115
6153,115
6154,116
6155,115
6156,115
6157,116
6158,115
6159,115
6160,115
6161,116
6162,116
6163,116
6164,116
6165,115
6166,116
6167,116
6168,116
6169,115
6170,115
6171,115
6172,116
6173,116
6174,115
6175,116
6176,116
6177,115
6178,115
6179,116
6180,116
6181,115
6182,116
6183,116
6184,115
6185,116
6186,115
6187,116
6188,115
6189,115
6190,115
6191,115
6192,116
6193,115
6194,116
6195,116
6196,115
6197,116
6198,116
6199,116
6200,116
6201,115
6202,116
6203,115
6204,116
6205,115
6206,116
6207,115
6208,115
6209,115
6210,115
6211,115
6212,116
6213,116
6214,116
6215,116
6216,115
6217,115
6218,116
6219,116
6220,115
6221,115
6222,115
6223,116
6224,116
6225,116
6226,115
6227,116
6228,115
6229,116
6230,116
6231,115
6232,115
6233,116
6234,116
6235,115
6236,116
6237,116
6238,115
6239,115
6240,116
6241,115
6242,116
6243,115
6244,116
6245,115
6246,116
6247,116
6248,116
6249,116
6250,115
6251,116
6252,116
6253,116
6254,116
6255,115
6256,116
6257,116
6258,115
6259,116
6260,116
6261,116
6262,116
6263,115
6264,116
6265,115
6266,115
6267,116
6268,116
6269,116
6270,116
6271,116
6272,116
6273,116
6274,115
6275,115
6276,115
6277,115
6278,116
6279,115
6280,115
6281,116
6282,115
6283,116
6284,116
6285,115
6286,118
6287,118
6288,118
6289,118
6290,117
6291,117
6292,117
6293,117
6294,117
6295,117
6296,117
6297,117
6298,117
6299,117
6300,117
6301,117
6302,117
6303,117
6304,117
6305,117
6306,117
6307,117
6308,117
6309,117
6310,117
6311,117
6312,117
6313,117
6314,117
6315,117
6316,117
6317,117
6318,117
6319,117
6320,117
6321,117
6322,117
6323,117
6324,117
6325,117
6326,117
6327,117
6328,117
6329,117
6330,117
6331,117
6332,117
6333,38
6334,38
6335,38
6336,38
6337,38
6338,38
6339,38
6340,38
6341,38
6342,38
6343,38
6344,38
6345,38
6346,38
6347,38
6348,119
6349,119
6350,120
6351,120
6352,121
6353,121
6354,121
6355,52
6356,121
6357,52
6358,121
6359,121
6360,121
6361,52
6362,121
6363,121
6364,121
6365,121
6366,121
6367,121
6368,121
6369,121
6370,121
6371,121
6372,121
6373,121
6374,121
6375,121
6376,121
6377,29
6378,29